## v=20
2	1	0.0890
3	1	0.0232
4	1	0.0415
5	1	0.0541
6	1	0.0259
7	1	0.0331
8	1	0.0446
9	1	0.0195
10	1	0.0450
11	1	0.1108
12	1	0.0565
13	1	0.0503
14	1	0.0317
15	1	0.0701
16	1	0.0314
17	1	0.0869
18	1	0.0474
19	1	0.0379
20	1	0.0168
21	1	0.0176
22	1	0.0577
23	1	0.0985
24	1	0.0370
25	1	0.0104
26	1	0.0407
27	1	0.0262
28	1	0.0199
29	1	0.0402
30	1	0.0981
31	1	0.0140
32	1	0.0086
33	1	0.0623
34	1	0.1742
35	1	0.0619
36	1	0.0178
37	1	0.0276
38	1	0.1112
39	1	0.0493
40	1	0.0197
41	1	0.0277
42	1	0.0350
43	1	0.0322
44	1	0.0539
45	1	0.0245
46	1	0.0702
47	1	0.0361
48	1	0.0341
49	1	0.0731
50	1	0.0241
51	1	0.0352
52	1	0.0322
53	1	0.0563
54	1	0.0728
55	1	0.0594
56	1	0.0287
57	1	0.0232
58	1	0.0237
59	1	0.0354
60	1	0.0273
61	1	0.0956
62	1	0.0200
63	1	0.0462
64	1	0.0319
65	1	0.0217
66	1	0.0539
67	1	0.0384
68	1	0.0320
69	1	0.0688
70	1	1.0080
71	1	0.1242
1	2	0.0890
3	2	0.1202
4	2	0.0793
5	2	0.0359
6	2	0.0318
7	2	0.0071
8	2	0.0471
9	2	0.0231
10	2	0.0156
11	2	0.0402
12	2	0.0458
13	2	0.0731
14	2	0.0267
15	2	0.0995
16	2	0.0508
17	2	0.0799
18	2	0.0887
19	2	0.0389
20	2	0.0355
21	2	0.0404
22	2	0.0438
23	2	0.0502
24	2	0.0210
25	2	0.0219
26	2	0.0438
27	2	0.0296
28	2	0.0421
29	2	0.0411
30	2	0.0314
31	2	0.0258
32	2	0.0035
33	2	0.0404
34	2	0.0412
35	2	0.0166
36	2	0.0213
37	2	0.0222
38	2	0.0338
39	2	0.0344
40	2	0.0408
41	2	0.0243
42	2	0.0419
43	2	0.0086
44	2	0.0094
45	2	0.0444
46	2	0.0923
47	2	0.0325
48	2	0.0281
49	2	0.0246
50	2	0.0484
51	2	0.0314
52	2	0.0645
53	2	0.0466
54	2	0.0851
55	2	0.0576
56	2	0.0579
57	2	0.0487
58	2	0.0512
59	2	0.0313
60	2	0.0580
61	2	0.0202
62	2	0.0387
63	2	0.0323
64	2	0.0095
65	2	0.0366
66	2	0.0360
67	2	0.0800
68	2	0.1405
69	2	1.6208
70	2	0.0934
71	2	0.0659
1	3	0.0232
2	3	0.1202
4	3	0.1570
5	3	0.0576
6	3	0.0628
7	3	0.0112
8	3	0.0163
9	3	0.0344
10	3	0.0423
11	3	0.0287
12	3	0.0915
13	3	0.0943
14	3	0.0141
15	3	0.0297
16	3	0.0251
17	3	0.0816
18	3	0.0527
19	3	0.0580
20	3	0.0386
21	3	0.0998
22	3	0.1009
23	3	0.0308
24	3	0.0443
25	3	0.0114
26	3	0.0443
27	3	0.0289
28	3	0.0305
29	3	0.0163
30	3	0.0460
31	3	0.0481
32	3	0.0098
33	3	0.0360
34	3	0.0725
35	3	0.1147
36	3	0.0185
37	3	0.0450
38	3	0.0421
39	3	0.0144
40	3	0.0329
41	3	0.0324
42	3	0.0473
43	3	0.0414
44	3	0.0326
45	3	0.0892
46	3	0.0227
47	3	0.0344
48	3	0.0301
49	3	0.0240
50	3	0.0356
51	3	0.0270
52	3	0.0237
53	3	0.0465
54	3	0.0649
55	3	0.0539
56	3	0.0442
57	3	0.0405
58	3	0.0193
59	3	0.0256
60	3	0.0359
61	3	0.0219
62	3	0.0429
63	3	0.0441
64	3	0.0093
65	3	0.0540
66	3	0.0443
67	3	0.1629
68	3	1.5624
69	3	0.1187
70	3	0.0338
71	3	0.0786
1	4	0.0415
2	4	0.0793
3	4	0.1570
5	4	0.1720
6	4	0.0351
7	4	0.0181
8	4	0.0420
9	4	0.0203
10	4	0.0284
11	4	0.0340
12	4	0.0371
13	4	0.0594
14	4	0.0075
15	4	0.0406
16	4	0.0221
17	4	0.0307
18	4	0.0314
19	4	0.0237
20	4	0.0120
21	4	0.0648
22	4	0.0302
23	4	0.0342
24	4	0.0234
25	4	0.0162
26	4	0.0324
27	4	0.0457
28	4	0.0346
29	4	0.0349
30	4	0.0270
31	4	0.0352
32	4	0.0133
33	4	0.0180
34	4	0.0329
35	4	0.0658
36	4	0.0194
37	4	0.0245
38	4	0.0268
39	4	0.0300
40	4	0.0352
41	4	0.0379
42	4	0.0411
43	4	0.0202
44	4	0.0629
45	4	0.0740
46	4	0.0347
47	4	0.0421
48	4	0.0314
49	4	0.0643
50	4	0.0198
51	4	0.0166
52	4	0.0160
53	4	0.0161
54	4	0.0447
55	4	0.0050
56	4	0.0098
57	4	0.0143
58	4	0.0248
59	4	0.0144
60	4	0.0171
61	4	0.0703
62	4	0.0347
63	4	0.0379
64	4	0.0184
65	4	0.0379
66	4	0.1545
67	4	1.4084
68	4	0.1387
69	4	0.0753
70	4	0.0220
71	4	0.0172
1	5	0.0541
2	5	0.0359
3	5	0.0576
4	5	0.1720
6	5	0.0558
7	5	0.0162
8	5	0.0353
9	5	0.0187
10	5	0.0332
11	5	0.0350
12	5	0.0265
13	5	0.0441
14	5	0.0190
15	5	0.0376
16	5	0.0278
17	5	0.0470
18	5	0.0442
19	5	0.0214
20	5	0.0126
21	5	0.0579
22	5	0.0228
23	5	0.0331
24	5	0.0212
25	5	0.0136
26	5	0.0244
27	5	0.0243
28	5	0.0465
29	5	0.0254
30	5	0.0264
31	5	0.0577
32	5	0.0051
33	5	0.0408
34	5	0.0297
35	5	0.0443
36	5	0.0165
37	5	0.0101
38	5	0.0270
39	5	0.0239
40	5	0.0489
41	5	0.0212
42	5	0.0220
43	5	0.0116
44	5	0.0426
45	5	0.0344
46	5	0.0393
47	5	0.0362
48	5	0.0554
49	5	0.0331
50	5	0.0272
51	5	0.0207
52	5	0.0271
53	5	0.0331
54	5	0.0540
55	5	0.0373
56	5	0.0429
57	5	0.0221
58	5	0.0103
59	5	0.0222
60	5	0.0278
61	5	0.0339
62	5	0.0608
63	5	0.0502
64	5	0.0152
65	5	0.0596
66	5	1.4075
67	5	0.1726
68	5	0.0554
69	5	0.0314
70	5	0.0282
71	5	0.0232
1	6	0.0259
2	6	0.0318
3	6	0.0628
4	6	0.0351
5	6	0.0558
7	6	0.0307
8	6	0.0206
9	6	0.0562
10	6	0.0283
11	6	0.0324
12	6	0.0251
13	6	0.0502
14	6	0.0080
15	6	0.0508
16	6	0.0158
17	6	0.0186
18	6	0.0224
19	6	0.0229
20	6	0.0145
21	6	0.0170
22	6	0.0278
23	6	0.0346
24	6	0.0299
25	6	0.0237
26	6	0.0284
27	6	0.0199
28	6	0.0459
29	6	0.0304
30	6	0.0180
31	6	0.0235
32	6	0.0023
33	6	0.0536
34	6	0.0127
35	6	0.0449
36	6	0.0074
37	6	0.0253
38	6	0.0190
39	6	0.0308
40	6	0.0492
41	6	0.0257
42	6	0.0104
43	6	0.0302
44	6	0.0333
45	6	0.0296
46	6	0.0561
47	6	0.0181
48	6	0.0552
49	6	0.0267
50	6	0.0371
51	6	0.0178
52	6	0.0197
53	6	0.0189
54	6	0.0196
55	6	0.0282
56	6	0.0180
57	6	0.0214
58	6	0.0183
59	6	0.0214
60	6	0.0392
61	6	0.0247
62	6	0.0482
63	6	0.0246
64	6	0.0315
65	6	1.4183
66	6	0.0440
67	6	0.0197
68	6	0.0594
69	6	0.0250
70	6	0.0335
71	6	0.0162
1	7	0.0331
2	7	0.0071
3	7	0.0112
4	7	0.0181
5	7	0.0162
6	7	0.0307
8	7	0.0203
9	7	0.0163
10	7	0.0232
11	7	0.0299
12	7	0.0294
13	7	0.0385
14	7	0.0114
15	7	0.0074
16	7	0.0109
17	7	0.0174
18	7	0.0140
19	7	0.0341
20	7	0.0129
21	7	0.0257
22	7	0.0297
23	7	0.0346
24	7	0.0105
25	7	0.0155
26	7	0.0265
27	7	0.0171
28	7	0.0280
29	7	0.0262
30	7	0.0539
31	7	0.0093
32	7	0.0079
33	7	0.0498
34	7	0.0263
35	7	0.0329
36	7	0.0223
37	7	0.0189
38	7	0.0382
39	7	0.0242
40	7	0.0266
41	7	0.0175
42	7	0.0239
43	7	0.0114
44	7	0.0472
45	7	0.0240
46	7	0.0091
47	7	0.0542
48	7	0.0360
49	7	0.0266
50	7	0.0197
51	7	0.0194
52	7	0.0083
53	7	0.0184
54	7	0.0191
55	7	0.0141
56	7	0.0186
57	7	0.0099
58	7	0.0314
59	7	0.0133
60	7	0.0181
61	7	0.0306
62	7	0.0395
63	7	0.0248
64	7	1.4420
65	7	0.0269
66	7	0.0169
67	7	0.0123
68	7	0.0145
69	7	0.0092
70	7	0.0339
71	7	0.0193
1	8	0.0446
2	8	0.0471
3	8	0.0163
4	8	0.0420
5	8	0.0353
6	8	0.0206
7	8	0.0203
9	8	0.0115
10	8	0.0096
11	8	0.0334
12	8	0.0293
13	8	0.0424
14	8	0.0864
15	8	0.0485
16	8	0.0195
17	8	0.0615
18	8	0.0207
19	8	0.0143
20	8	0.0791
21	8	0.0101
22	8	0.0279
23	8	0.0386
24	8	0.0118
25	8	0.0091
26	8	0.0205
27	8	0.0218
28	8	0.0181
29	8	0.0260
30	8	0.0100
31	8	0.0078
32	8	0.0008
33	8	0.0260
34	8	0.0064
35	8	0.0189
36	8	0.0206
37	8	0.0088
38	8	0.0085
39	8	0.0221
40	8	0.0145
41	8	0.0249
42	8	0.0154
43	8	0.0141
44	8	0.0089
45	8	0.0201
46	8	0.0611
47	8	0.0058
48	8	0.0329
49	8	0.0308
50	8	0.0112
51	8	0.0113
52	8	0.0111
53	8	0.0555
54	8	0.0204
55	8	0.0158
56	8	0.0088
57	8	0.0229
58	8	0.0173
59	8	0.0035
60	8	0.0163
61	8	0.0360
62	8	0.0253
63	8	0.0170
64	8	0.0301
65	8	0.0188
66	8	0.0305
67	8	0.0358
68	8	0.0170
69	8	0.0332
70	8	0.0471
71	8	0.0092
1	9	0.0195
2	9	0.0231
3	9	0.0344
4	9	0.0203
5	9	0.0187
6	9	0.0562
7	9	0.0163
8	9	0.0115
10	9	0.0390
11	9	0.0409
12	9	0.2648
13	9	0.2753
14	9	0.0095
15	9	0.0175
16	9	0.0300
17	9	0.0676
18	9	0.0674
19	9	0.0218
20	9	0.0684
21	9	0.0658
22	9	0.2700
23	9	0.0436
24	9	0.0340
25	9	0.0586
26	9	0.0138
27	9	0.0290
28	9	0.0271
29	9	0.0253
30	9	0.0435
31	9	0.0077
32	9	0.0090
33	9	0.0256
34	9	0.0334
35	9	0.0877
36	9	0.0128
37	9	0.0151
38	9	0.0481
39	9	0.0248
40	9	0.0239
41	9	0.0262
42	9	0.0238
43	9	0.0688
44	9	0.0812
45	9	0.0427
46	9	0.0161
47	9	0.0127
48	9	0.0199
49	9	0.0210
50	9	0.0286
51	9	0.0295
52	9	0.0327
53	9	0.0487
54	9	0.0450
55	9	0.0286
56	9	0.0152
57	9	0.0162
58	9	0.0283
59	9	0.0277
60	9	0.0272
61	9	0.0241
62	9	0.0230
63	9	0.0160
64	9	0.0140
65	9	0.0644
66	9	0.0266
67	9	0.0193
68	9	0.0288
69	9	0.0201
70	9	0.0378
71	9	0.0127
1	10	0.0450
2	10	0.0156
3	10	0.0423
4	10	0.0284
5	10	0.0332
6	10	0.0283
7	10	0.0232
8	10	0.0096
9	10	0.0390
11	10	0.0594
12	10	0.0402
13	10	0.0671
14	10	0.0076
15	10	0.0378
16	10	0.0207
17	10	0.0128
18	10	0.0060
19	10	0.0310
20	10	0.0108
21	10	0.0337
22	10	0.0456
23	10	0.0608
24	10	0.5222
25	10	0.0215
26	10	0.0095
27	10	0.0243
28	10	0.0107
29	10	0.0131
30	10	0.0317
31	10	0.0163
32	10	0.0054
33	10	0.0247
34	10	0.0225
35	10	0.0540
36	10	0.0074
37	10	0.0384
38	10	0.0382
39	10	0.0081
40	10	0.0091
41	10	0.0239
42	10	0.0120
43	10	0.0153
44	10	0.1103
45	10	0.0404
46	10	0.0266
47	10	0.0272
48	10	0.0368
49	10	0.0237
50	10	0.0207
51	10	0.0178
52	10	0.0170
53	10	0.0134
54	10	0.0082
55	10	0.0097
56	10	0.0049
57	10	0.0285
58	10	0.0104
59	10	0.0178
60	10	0.0182
61	10	0.0248
62	10	0.0270
63	10	0.0217
64	10	0.0212
65	10	0.0238
66	10	0.0279
67	10	0.0249
68	10	0.0328
69	10	0.0156
70	10	0.0314
71	10	0.0238
1	11	0.1108
2	11	0.0402
3	11	0.0287
4	11	0.0340
5	11	0.0350
6	11	0.0324
7	11	0.0299
8	11	0.0334
9	11	0.0409
10	11	0.0594
12	11	0.0823
13	11	0.2184
14	11	0.0246
15	11	0.0911
16	11	0.0407
17	11	0.0639
18	11	0.0407
19	11	0.0307
20	11	0.0154
21	11	0.0575
22	11	0.0820
23	11	1.2352
24	11	0.0508
25	11	0.0597
26	11	0.0267
27	11	0.0167
28	11	0.0360
29	11	0.0344
30	11	0.0502
31	11	0.0378
32	11	0.0073
33	11	0.0509
34	11	0.1008
35	11	0.1131
36	11	0.0112
37	11	0.0422
38	11	0.0537
39	11	0.0368
40	11	0.0409
41	11	0.0121
42	11	0.0260
43	11	0.0408
44	11	0.0761
45	11	0.0562
46	11	0.0832
47	11	0.0523
48	11	0.0241
49	11	0.0216
50	11	0.0282
51	11	0.0337
52	11	0.0168
53	11	0.0641
54	11	0.0258
55	11	0.0147
56	11	0.0057
57	11	0.0638
58	11	0.0169
59	11	0.0424
60	11	0.0247
61	11	0.0135
62	11	0.0278
63	11	0.0561
64	11	0.0325
65	11	0.0317
66	11	0.0449
67	11	0.0355
68	11	0.0335
69	11	0.0410
70	11	0.1026
71	11	0.0274
1	12	0.0565
2	12	0.0458
3	12	0.0915
4	12	0.0371
5	12	0.0265
6	12	0.0251
7	12	0.0294
8	12	0.0293
9	12	0.2648
10	12	0.0402
11	12	0.0823
13	12	0.1935
14	12	0.0138
15	12	0.0328
16	12	0.0429
17	12	0.0698
18	12	0.0452
19	12	0.0442
20	12	0.0724
21	12	0.0942
22	12	1.5219
23	12	0.0894
24	12	0.0283
25	12	0.0491
26	12	0.0199
27	12	0.0190
28	12	0.0363
29	12	0.0237
30	12	0.0252
31	12	0.0167
32	12	0.0076
33	12	0.0808
34	12	0.0471
35	12	0.0546
36	12	0.0401
37	12	0.0328
38	12	0.0268
39	12	0.0287
40	12	0.0335
41	12	0.0200
42	12	0.0186
43	12	0.0566
44	12	0.0993
45	12	0.0942
46	12	0.0334
47	12	0.0361
48	12	0.0358
49	12	0.0443
50	12	0.0323
51	12	0.0335
52	12	0.0197
53	12	0.0654
54	12	0.0494
55	12	0.0367
56	12	0.0339
57	12	0.0577
58	12	0.0187
59	12	0.0202
60	12	0.0233
61	12	0.0486
62	12	0.0437
63	12	0.0485
64	12	0.0271
65	12	0.0388
66	12	0.0419
67	12	0.0389
68	12	0.0977
69	12	0.0353
70	12	0.0486
71	12	0.0270
1	13	0.0503
2	13	0.0731
3	13	0.0943
4	13	0.0594
5	13	0.0441
6	13	0.0502
7	13	0.0385
8	13	0.0424
9	13	0.2753
10	13	0.0671
11	13	0.2184
12	13	0.1935
14	13	0.0207
15	13	0.1388
16	13	0.0428
17	13	0.1313
18	13	0.1484
19	13	0.0606
20	13	0.0841
21	13	0.5371
22	13	0.1910
23	13	0.2246
24	13	0.1025
25	13	0.0796
26	13	0.0414
27	13	0.0061
28	13	0.0762
29	13	0.0327
30	13	0.0708
31	13	0.0138
32	13	0.0054
33	13	0.0323
34	13	0.0357
35	13	0.1533
36	13	0.0129
37	13	0.0378
38	13	0.0649
39	13	0.0266
40	13	0.0726
41	13	0.0061
42	13	0.0438
43	13	0.1502
44	13	0.1621
45	13	0.3647
46	13	0.1116
47	13	0.0445
48	13	0.0287
49	13	0.0158
50	13	0.0446
51	13	0.0718
52	13	0.0541
53	13	0.0788
54	13	0.1191
55	13	0.0631
56	13	0.0507
57	13	0.0657
58	13	0.0262
59	13	0.0531
60	13	0.0465
61	13	0.0181
62	13	0.0175
63	13	0.0483
64	13	0.0333
65	13	0.0517
66	13	0.0447
67	13	0.0691
68	13	0.0604
69	13	0.0798
70	13	0.0604
71	13	0.0219
1	14	0.0317
2	14	0.0267
3	14	0.0141
4	14	0.0075
5	14	0.0190
6	14	0.0080
7	14	0.0114
8	14	0.0864
9	14	0.0095
10	14	0.0076
11	14	0.0246
12	14	0.0138
13	14	0.0207
15	14	0.0529
16	14	0.0444
17	14	0.0256
18	14	0.0069
19	14	0.0121
20	14	0.0443
21	14	0.0158
22	14	0.0120
23	14	0.0229
24	14	0.0241
25	14	0.0047
26	14	0.0149
27	14	0.0103
28	14	0.0276
29	14	0.0305
30	14	0.0167
31	14	0.0037
32	14	0.0017
33	14	0.0116
34	14	0.0272
35	14	0.0126
36	14	0.0225
37	14	0.0052
38	14	0.0167
39	14	0.0245
40	14	0.0257
41	14	0.0129
42	14	0.0103
43	14	0.0078
44	14	0.0095
45	14	0.0188
46	14	0.0326
47	14	0.0083
48	14	0.0114
49	14	0.0118
50	14	0.0160
51	14	0.0094
52	14	0.0143
53	14	0.0240
54	14	0.0184
55	14	0.0064
56	14	0.0124
57	14	0.0102
58	14	0.0204
59	14	0.0045
60	14	0.0191
61	14	0.0084
62	14	0.0087
63	14	0.0064
64	14	0.0093
65	14	0.0160
66	14	0.0098
67	14	0.0102
68	14	0.0143
69	14	0.0219
70	14	0.0420
71	14	0.0187
1	15	0.0701
2	15	0.0995
3	15	0.0297
4	15	0.0406
5	15	0.0376
6	15	0.0508
7	15	0.0074
8	15	0.0485
9	15	0.0175
10	15	0.0378
11	15	0.0911
12	15	0.0328
13	15	0.1388
14	15	0.0529
16	15	0.0717
17	15	0.1604
18	15	0.1666
19	15	0.0542
20	15	0.0836
21	15	0.0870
22	15	0.0271
23	15	0.0911
24	15	0.0359
25	15	0.0384
26	15	0.0370
27	15	0.0247
28	15	0.0561
29	15	0.0730
30	15	0.0260
31	15	0.0240
32	15	0.0036
33	15	0.0318
34	15	0.0373
35	15	0.0062
36	15	0.0075
37	15	0.0130
38	15	0.0258
39	15	0.0665
40	15	0.0469
41	15	0.0278
42	15	0.0538
43	15	0.0276
44	15	0.0260
45	15	0.1305
46	15	0.6752
47	15	0.0285
48	15	0.0443
49	15	0.0387
50	15	0.0842
51	15	0.0611
52	15	0.0717
53	15	0.0732
54	15	0.1649
55	15	0.1030
56	15	0.0757
57	15	0.0726
58	15	0.0313
59	15	0.0423
60	15	0.0838
61	15	0.0347
62	15	0.0355
63	15	0.0290
64	15	0.0080
65	15	0.0587
66	15	0.0377
67	15	0.0374
68	15	0.0241
69	15	0.1029
70	15	0.0691
71	15	0.0123
1	16	0.0314
2	16	0.0508
3	16	0.0251
4	16	0.0221
5	16	0.0278
6	16	0.0158
7	16	0.0109
8	16	0.0195
9	16	0.0300
10	16	0.0207
11	16	0.0407
12	16	0.0429
13	16	0.0428
14	16	0.0444
15	16	0.0717
17	16	0.0985
18	16	0.1234
19	16	0.0482
20	16	0.0366
21	16	0.0275
22	16	0.0419
23	16	0.0391
24	16	0.0240
25	16	0.0332
26	16	0.0170
27	16	0.0272
28	16	0.0168
29	16	0.0193
30	16	0.0066
31	16	0.0141
32	16	0.0011
33	16	0.0295
34	16	0.0200
35	16	0.0084
36	16	0.0090
37	16	0.0219
38	16	0.0108
39	16	0.0192
40	16	0.0175
41	16	0.0284
42	16	0.0266
43	16	0.0164
44	16	0.0254
45	16	0.0271
46	16	0.0741
47	16	0.0262
48	16	0.0518
49	16	0.0135
50	16	0.0235
51	16	0.0355
52	16	0.0471
53	16	0.0465
54	16	0.1146
55	16	0.0612
56	16	0.0542
57	16	0.0370
58	16	0.0267
59	16	0.0275
60	16	0.0272
61	16	0.0123
62	16	0.0562
63	16	0.0208
64	16	0.0171
65	16	0.0174
66	16	0.0309
67	16	0.0113
68	16	0.0243
69	16	0.0389
70	16	0.0398
71	16	0.0315
1	17	0.0869
2	17	0.0799
3	17	0.0816
4	17	0.0307
5	17	0.0470
6	17	0.0186
7	17	0.0174
8	17	0.0615
9	17	0.0676
10	17	0.0128
11	17	0.0639
12	17	0.0698
13	17	0.1313
14	17	0.0256
15	17	0.1604
16	17	0.0985
18	17	0.3417
19	17	0.1215
20	17	0.0556
21	17	0.0714
22	17	0.0685
23	17	0.0646
24	17	0.0302
25	17	0.0608
26	17	0.0405
27	17	0.0190
28	17	0.0435
29	17	0.0172
30	17	0.0257
31	17	0.0168
32	17	0.0020
33	17	0.0479
34	17	0.0347
35	17	0.0183
36	17	0.0077
37	17	0.0251
38	17	0.0242
39	17	0.0204
40	17	0.0477
41	17	0.0188
42	17	0.0494
43	17	0.0312
44	17	0.0334
45	17	0.1028
46	17	0.1378
47	17	0.0377
48	17	0.0302
49	17	0.0444
50	17	0.0533
51	17	0.0900
52	17	0.1321
53	17	0.2501
54	17	0.3002
55	17	0.1836
56	17	0.1455
57	17	0.0605
58	17	0.0523
59	17	0.0735
60	17	0.0518
61	17	0.0414
62	17	0.0404
63	17	0.0543
64	17	0.0157
65	17	0.0342
66	17	0.0468
67	17	0.0554
68	17	0.0697
69	17	0.0804
70	17	0.1006
71	17	0.0312
1	18	0.0474
2	18	0.0887
3	18	0.0527
4	18	0.0314
5	18	0.0442
6	18	0.0224
7	18	0.0140
8	18	0.0207
9	18	0.0674
10	18	0.0060
11	18	0.0407
12	18	0.0452
13	18	0.1484
14	18	0.0069
15	18	0.1666
16	18	0.1234
17	18	0.3417
19	18	0.1175
20	18	0.0177
21	18	0.0548
22	18	0.0405
23	18	0.0413
24	18	0.0256
25	18	0.0499
26	18	0.0392
27	18	0.0219
28	18	0.0385
29	18	0.0091
30	18	0.0173
31	18	0.0186
32	18	0.0048
33	18	0.0338
34	18	0.0150
35	18	0.0162
36	18	0.0186
37	18	0.0212
38	18	0.0168
39	18	0.0060
40	18	0.0406
41	18	0.0170
42	18	0.0430
43	18	0.0326
44	18	0.0449
45	18	0.0946
46	18	0.1292
47	18	0.0331
48	18	0.0372
49	18	0.0213
50	18	0.0688
51	18	0.1240
52	18	0.1514
53	18	0.1467
54	18	0.4778
55	18	0.2184
56	18	0.1274
57	18	0.0365
58	18	0.0691
59	18	0.0941
60	18	0.0593
61	18	0.0152
62	18	0.0396
63	18	0.0314
64	18	0.0154
65	18	0.0239
66	18	0.0416
67	18	0.0300
68	18	0.0516
69	18	0.0884
70	18	0.0525
71	18	0.0213
1	19	0.0379
2	19	0.0389
3	19	0.0580
4	19	0.0237
5	19	0.0214
6	19	0.0229
7	19	0.0341
8	19	0.0143
9	19	0.0218
10	19	0.0310
11	19	0.0307
12	19	0.0442
13	19	0.0606
14	19	0.0121
15	19	0.0542
16	19	0.0482
17	19	0.1215
18	19	0.1175
20	19	0.0257
21	19	0.0503
22	19	0.0465
23	19	0.0297
24	19	0.0320
25	19	0.0231
26	19	0.0165
27	19	0.0475
28	19	0.0315
29	19	0.0247
30	19	0.0490
31	19	0.0226
32	19	0.0164
33	19	0.0447
34	19	0.0770
35	19	0.0502
36	19	0.0062
37	19	0.0392
38	19	0.0363
39	19	0.0249
40	19	0.0346
41	19	0.0381
42	19	0.0182
43	19	0.0297
44	19	0.0335
45	19	0.0590
46	19	0.0396
47	19	0.0192
48	19	0.0361
49	19	0.0476
50	19	0.0292
51	19	0.0633
52	19	0.0858
53	19	0.0666
54	19	0.1443
55	19	0.0526
56	19	0.0615
57	19	0.0421
58	19	0.0799
59	19	0.0446
60	19	0.0332
61	19	0.0568
62	19	0.0302
63	19	0.0208
64	19	0.0392
65	19	0.0296
66	19	0.0139
67	19	0.0264
68	19	0.0449
69	19	0.0414
70	19	0.0405
71	19	0.0362
1	20	0.0168
2	20	0.0355
3	20	0.0386
4	20	0.0120
5	20	0.0126
6	20	0.0145
7	20	0.0129
8	20	0.0791
9	20	0.0684
10	20	0.0108
11	20	0.0154
12	20	0.0724
13	20	0.0841
14	20	0.0443
15	20	0.0836
16	20	0.0366
17	20	0.0556
18	20	0.0177
19	20	0.0257
21	20	0.0673
22	20	0.0726
23	20	0.0200
24	20	0.0111
25	20	0.0164
26	20	0.0154
27	20	0.0192
28	20	0.0145
29	20	0.0106
30	20	0.0218
31	20	0.0050
32	20	0.0025
33	20	0.0236
34	20	0.0445
35	20	0.0399
36	20	0.0217
37	20	0.0193
38	20	0.0259
39	20	0.0058
40	20	0.0154
41	20	0.0244
42	20	0.0169
43	20	0.0341
44	20	0.0354
45	20	0.0422
46	20	0.0926
47	20	0.0377
48	20	0.0254
49	20	0.0353
50	20	0.0105
51	20	0.0119
52	20	0.0122
53	20	0.0313
54	20	0.0192
55	20	0.0158
56	20	0.0098
57	20	0.0668
58	20	0.0168
59	20	0.0093
60	20	0.0127
61	20	0.0378
62	20	0.0300
63	20	0.0236
64	20	0.0135
65	20	0.0071
66	20	0.0120
67	20	0.0110
68	20	0.0395
69	20	0.0344
70	20	0.0240
71	20	0.0244
1	21	0.0176
2	21	0.0404
3	21	0.0998
4	21	0.0648
5	21	0.0579
6	21	0.0170
7	21	0.0257
8	21	0.0101
9	21	0.0658
10	21	0.0337
11	21	0.0575
12	21	0.0942
13	21	0.5371
14	21	0.0158
15	21	0.0870
16	21	0.0275
17	21	0.0714
18	21	0.0548
19	21	0.0503
20	21	0.0673
22	21	0.0987
23	21	0.0554
24	21	0.0342
25	21	0.0276
26	21	0.0448
27	21	0.0079
28	21	0.0530
29	21	0.0143
30	21	0.0719
31	21	0.0115
32	21	0.0058
33	21	0.0289
34	21	0.0347
35	21	0.1165
36	21	0.0171
37	21	0.0283
38	21	0.0771
39	21	0.0126
40	21	0.0546
41	21	0.0082
42	21	0.0563
43	21	0.0675
44	21	0.0860
45	21	0.3433
46	21	0.0670
47	21	0.0401
48	21	0.0404
49	21	0.0182
50	21	0.0263
51	21	0.0210
52	21	0.0329
53	21	0.0335
54	21	0.0484
55	21	0.0282
56	21	0.0253
57	21	0.0369
58	21	0.0242
59	21	0.0120
60	21	0.0234
61	21	0.0175
62	21	0.0351
63	21	0.0569
64	21	0.0278
65	21	0.0180
66	21	0.0645
67	21	0.0682
68	21	0.0645
69	21	0.0535
70	21	0.0235
71	21	0.0226
1	22	0.0577
2	22	0.0438
3	22	0.1009
4	22	0.0302
5	22	0.0228
6	22	0.0278
7	22	0.0297
8	22	0.0279
9	22	0.2700
10	22	0.0456
11	22	0.0820
12	22	1.5219
13	22	0.1910
14	22	0.0120
15	22	0.0271
16	22	0.0419
17	22	0.0685
18	22	0.0405
19	22	0.0465
20	22	0.0726
21	22	0.0987
23	22	0.0880
24	22	0.0326
25	22	0.0427
26	22	0.0183
27	22	0.0129
28	22	0.0386
29	22	0.0220
30	22	0.0282
31	22	0.0146
32	22	0.0126
33	22	0.0715
34	22	0.0437
35	22	0.0536
36	22	0.0440
37	22	0.0307
38	22	0.0306
39	22	0.0282
40	22	0.0348
41	22	0.0147
42	22	0.0168
43	22	0.0606
44	22	0.0949
45	22	0.0863
46	22	0.0296
47	22	0.0319
48	22	0.0386
49	22	0.0504
50	22	0.0298
51	22	0.0341
52	22	0.0191
53	22	0.0611
54	22	0.0466
55	22	0.0321
56	22	0.0342
57	22	0.0551
58	22	0.0161
59	22	0.0206
60	22	0.0206
61	22	0.0554
62	22	0.0457
63	22	0.0413
64	22	0.0270
65	22	0.0395
66	22	0.0365
67	22	0.0296
68	22	0.1028
69	22	0.0363
70	22	0.0494
71	22	0.0340
1	23	0.0985
2	23	0.0502
3	23	0.0308
4	23	0.0342
5	23	0.0331
6	23	0.0346
7	23	0.0346
8	23	0.0386
9	23	0.0436
10	23	0.0608
11	23	1.2352
12	23	0.0894
13	23	0.2246
14	23	0.0229
15	23	0.0911
16	23	0.0391
17	23	0.0646
18	23	0.0413
19	23	0.0297
20	23	0.0200
21	23	0.0554
22	23	0.0880
24	23	0.0564
25	23	0.0586
26	23	0.0339
27	23	0.0199
28	23	0.0348
29	23	0.0383
30	23	0.0434
31	23	0.0326
32	23	0.0065
33	23	0.0479
34	23	0.0983
35	23	0.1116
36	23	0.0072
37	23	0.0446
38	23	0.0474
39	23	0.0418
40	23	0.0389
41	23	0.0165
42	23	0.0224
43	23	0.0407
44	23	0.0767
45	23	0.0616
46	23	0.0824
47	23	0.0551
48	23	0.0288
49	23	0.0217
50	23	0.0334
51	23	0.0366
52	23	0.0177
53	23	0.0613
54	23	0.0304
55	23	0.0157
56	23	0.0060
57	23	0.0629
58	23	0.0177
59	23	0.0447
60	23	0.0293
61	23	0.0137
62	23	0.0330
63	23	0.0613
64	23	0.0387
65	23	0.0324
66	23	0.0397
67	23	0.0384
68	23	0.0374
69	23	0.0499
70	23	0.1082
71	23	0.0243
1	24	0.0370
2	24	0.0210
3	24	0.0443
4	24	0.0234
5	24	0.0212
6	24	0.0299
7	24	0.0105
8	24	0.0118
9	24	0.0340
10	24	0.5222
11	24	0.0508
12	24	0.0283
13	24	0.1025
14	24	0.0241
15	24	0.0359
16	24	0.0240
17	24	0.0302
18	24	0.0256
19	24	0.0320
20	24	0.0111
21	24	0.0342
22	24	0.0326
23	24	0.0564
25	24	0.0324
26	24	0.0124
27	24	0.0212
28	24	0.0084
29	24	0.0165
30	24	0.0248
31	24	0.0200
32	24	0.0071
33	24	0.0174
34	24	0.0193
35	24	0.0354
36	24	0.0133
37	24	0.0346
38	24	0.0341
39	24	0.0136
40	24	0.0076
41	24	0.0192
42	24	0.0065
43	24	0.0125
44	24	0.0445
45	24	0.0468
46	24	0.0213
47	24	0.0196
48	24	0.0225
49	24	0.0175
50	24	0.0157
51	24	0.0169
52	24	0.0258
53	24	0.0259
54	24	0.0273
55	24	0.0285
56	24	0.0140
57	24	0.0172
58	24	0.0137
59	24	0.0237
60	24	0.0138
61	24	0.0173
62	24	0.0187
63	24	0.0234
64	24	0.0091
65	24	0.0258
66	24	0.0225
67	24	0.0222
68	24	0.0342
69	24	0.0176
70	24	0.0334
71	24	0.0263
1	25	0.0104
2	25	0.0219
3	25	0.0114
4	25	0.0162
5	25	0.0136
6	25	0.0237
7	25	0.0155
8	25	0.0091
9	25	0.0586
10	25	0.0215
11	25	0.0597
12	25	0.0491
13	25	0.0796
14	25	0.0047
15	25	0.0384
16	25	0.0332
17	25	0.0608
18	25	0.0499
19	25	0.0231
20	25	0.0164
21	25	0.0276
22	25	0.0427
23	25	0.0586
24	25	0.0324
26	25	0.0239
27	25	0.0206
28	25	0.0172
29	25	0.0086
30	25	0.0067
31	25	0.0214
32	25	0.0023
33	25	0.0296
34	25	0.0225
35	25	0.0322
36	25	0.0137
37	25	0.0177
38	25	0.0039
39	25	0.0093
40	25	0.0185
41	25	0.0148
42	25	0.0383
43	25	0.1213
44	25	0.0463
45	25	0.0488
46	25	0.0242
47	25	0.0279
48	25	0.0226
49	25	0.0090
50	25	0.0310
51	25	0.0324
52	25	0.0227
53	25	0.0306
54	25	0.0357
55	25	0.0292
56	25	0.0280
57	25	0.0302
58	25	0.0090
59	25	0.0288
60	25	0.0345
61	25	0.0114
62	25	0.0168
63	25	0.0254
64	25	0.0132
65	25	0.0306
66	25	0.0182
67	25	0.0125
68	25	0.0100
69	25	0.0211
70	25	0.0139
71	25	0.0505
1	26	0.0407
2	26	0.0438
3	26	0.0443
4	26	0.0324
5	26	0.0244
6	26	0.0284
7	26	0.0265
8	26	0.0205
9	26	0.0138
10	26	0.0095
11	26	0.0267
12	26	0.0199
13	26	0.0414
14	26	0.0149
15	26	0.0370
16	26	0.0170
17	26	0.0405
18	26	0.0392
19	26	0.0165
20	26	0.0154
21	26	0.0448
22	26	0.0183
23	26	0.0339
24	26	0.0124
25	26	0.0239
27	26	0.0224
28	26	0.0274
29	26	0.0312
30	26	0.0473
31	26	0.0072
32	26	0.0005
33	26	0.0284
34	26	0.0295
35	26	0.0572
36	26	0.0108
37	26	0.0120
38	26	0.0420
39	26	0.0273
40	26	0.0286
41	26	0.0258
42	26	1.0269
43	26	0.0283
44	26	0.0233
45	26	0.0431
46	26	0.0405
47	26	0.0134
48	26	0.0264
49	26	0.0353
50	26	0.0320
51	26	0.0254
52	26	0.0202
53	26	0.0308
54	26	0.0431
55	26	0.0352
56	26	0.0221
57	26	0.0254
58	26	0.0203
59	26	0.0151
60	26	0.0344
61	26	0.0376
62	26	0.0199
63	26	0.0151
64	26	0.0299
65	26	0.0260
66	26	0.0215
67	26	0.0306
68	26	0.0321
69	26	0.0405
70	26	0.0455
71	26	0.0195
1	27	0.0262
2	27	0.0296
3	27	0.0289
4	27	0.0457
5	27	0.0243
6	27	0.0199
7	27	0.0171
8	27	0.0218
9	27	0.0290
10	27	0.0243
11	27	0.0167
12	27	0.0190
13	27	0.0061
14	27	0.0103
15	27	0.0247
16	27	0.0272
17	27	0.0190
18	27	0.0219
19	27	0.0475
20	27	0.0192
21	27	0.0079
22	27	0.0129
23	27	0.0199
24	27	0.0212
25	27	0.0206
26	27	0.0224
28	27	0.0264
29	27	0.0204
30	27	0.0222
31	27	0.0233
32	27	0.0020
33	27	0.0156
34	27	0.0237
35	27	0.0551
36	27	0.0073
37	27	0.0206
38	27	0.0171
39	27	0.0153
40	27	0.0291
41	27	1.4872
42	27	0.0353
43	27	0.0073
44	27	0.0205
45	27	0.0043
46	27	0.0266
47	27	0.0240
48	27	0.0075
49	27	0.0186
50	27	0.0386
51	27	0.0136
52	27	0.0261
53	27	0.0083
54	27	0.0239
55	27	0.0342
56	27	0.0167
57	27	0.0098
58	27	0.0318
59	27	0.0058
60	27	0.0320
61	27	0.0184
62	27	0.0029
63	27	0.0198
64	27	0.0125
65	27	0.0238
66	27	0.0168
67	27	0.0527
68	27	0.0335
69	27	0.0282
70	27	0.0259
71	27	0.0171
1	28	0.0199
2	28	0.0421
3	28	0.0305
4	28	0.0346
5	28	0.0465
6	28	0.0459
7	28	0.0280
8	28	0.0181
9	28	0.0271
10	28	0.0107
11	28	0.0360
12	28	0.0363
13	28	0.0762
14	28	0.0276
15	28	0.0561
16	28	0.0168
17	28	0.0435
18	28	0.0385
19	28	0.0315
20	28	0.0145
21	28	0.0530
22	28	0.0386
23	28	0.0348
24	28	0.0084
25	28	0.0172
26	28	0.0274
27	28	0.0264
29	28	0.0254
30	28	0.0967
31	28	0.0226
32	28	0.0057
33	28	0.0745
34	28	0.0463
35	28	0.1265
36	28	0.0210
37	28	0.0288
38	28	0.0836
39	28	0.0247
40	28	1.7547
41	28	0.0220
42	28	0.0220
43	28	0.0189
44	28	0.0654
45	28	0.0425
46	28	0.0410
47	28	0.0557
48	28	0.0319
49	28	0.0187
50	28	0.0247
51	28	0.0146
52	28	0.0288
53	28	0.0180
54	28	0.0409
55	28	0.0193
56	28	0.0172
57	28	0.0261
58	28	0.0261
59	28	0.0148
60	28	0.0269
61	28	0.0181
62	28	0.0266
63	28	0.0557
64	28	0.0264
65	28	0.0539
66	28	0.0529
67	28	0.0357
68	28	0.0280
69	28	0.0512
70	28	0.0230
71	28	0.0388
1	29	0.0402
2	29	0.0411
3	29	0.0163
4	29	0.0349
5	29	0.0254
6	29	0.0304
7	29	0.0262
8	29	0.0260
9	29	0.0253
10	29	0.0131
11	29	0.0344
12	29	0.0237
13	29	0.0327
14	29	0.0305
15	29	0.0730
16	29	0.0193
17	29	0.0172
18	29	0.0091
19	29	0.0247
20	29	0.0106
21	29	0.0143
22	29	0.0220
23	29	0.0383
24	29	0.0165
25	29	0.0086
26	29	0.0312
27	29	0.0204
28	29	0.0254
30	29	0.0503
31	29	0.0238
32	29	0.0038
33	29	0.0556
34	29	0.0309
35	29	0.0470
36	29	0.0115
37	29	0.0177
38	29	0.0601
39	29	1.0763
40	29	0.0300
41	29	0.0153
42	29	0.0517
43	29	0.0172
44	29	0.0105
45	29	0.0342
46	29	0.0412
47	29	0.0158
48	29	0.0361
49	29	0.0241
50	29	0.0565
51	29	0.0393
52	29	0.0189
53	29	0.0220
54	29	0.0189
55	29	0.0157
56	29	0.0080
57	29	0.0175
58	29	0.0345
59	29	0.0414
60	29	0.0559
61	29	0.0233
62	29	0.0413
63	29	0.0154
64	29	0.0240
65	29	0.0291
66	29	0.0227
67	29	0.0235
68	29	0.0114
69	29	0.0438
70	29	0.0405
71	29	0.0212
1	30	0.0981
2	30	0.0314
3	30	0.0460
4	30	0.0270
5	30	0.0264
6	30	0.0180
7	30	0.0539
8	30	0.0100
9	30	0.0435
10	30	0.0317
11	30	0.0502
12	30	0.0252
13	30	0.0708
14	30	0.0167
15	30	0.0260
16	30	0.0066
17	30	0.0257
18	30	0.0173
19	30	0.0490
20	30	0.0218
21	30	0.0719
22	30	0.0282
23	30	0.0434
24	30	0.0248
25	30	0.0067
26	30	0.0473
27	30	0.0222
28	30	0.0967
29	30	0.0503
31	30	0.0106
32	30	0.0262
33	30	0.0691
34	30	0.0701
35	30	0.2226
36	30	0.0091
37	30	0.0238
38	30	1.5046
39	30	0.0456
40	30	0.0962
41	30	0.0243
42	30	0.0465
43	30	0.0472
44	30	0.0598
45	30	0.0228
46	30	0.0248
47	30	0.0229
48	30	0.0273
49	30	0.0440
50	30	0.0383
51	30	0.0258
52	30	0.0297
53	30	0.0376
54	30	0.0105
55	30	0.0213
56	30	0.0083
57	30	0.0207
58	30	0.0339
59	30	0.0276
60	30	0.0364
61	30	0.0445
62	30	0.0265
63	30	0.0313
64	30	0.0586
65	30	0.0179
66	30	0.0425
67	30	0.0272
68	30	0.0420
69	30	0.0335
70	30	0.0965
71	30	0.0180
1	31	0.0140
2	31	0.0258
3	31	0.0481
4	31	0.0352
5	31	0.0577
6	31	0.0235
7	31	0.0093
8	31	0.0078
9	31	0.0077
10	31	0.0163
11	31	0.0378
12	31	0.0167
13	31	0.0138
14	31	0.0037
15	31	0.0240
16	31	0.0141
17	31	0.0168
18	31	0.0186
19	31	0.0226
20	31	0.0050
21	31	0.0115
22	31	0.0146
23	31	0.0326
24	31	0.0200
25	31	0.0214
26	31	0.0072
27	31	0.0233
28	31	0.0226
29	31	0.0238
30	31	0.0106
32	31	0.0098
33	31	0.0199
34	31	0.0418
35	31	0.1244
36	31	0.0211
37	31	0.1881
38	31	0.0208
39	31	0.0352
40	31	0.0214
41	31	0.0233
42	31	0.0076
43	31	0.0131
44	31	0.0103
45	31	0.0180
46	31	0.0253
47	31	0.0250
48	31	0.0258
49	31	0.0127
50	31	0.0263
51	31	0.0148
52	31	0.0095
53	31	0.0070
54	31	0.0175
55	31	0.0236
56	31	0.0086
57	31	0.0174
58	31	0.0054
59	31	0.0083
60	31	0.0292
61	31	0.0129
62	31	0.0182
63	31	0.0336
64	31	0.0106
65	31	0.0242
66	31	0.0641
67	31	0.0443
68	31	0.0428
69	31	0.0257
70	31	0.0256
71	31	0.0500
1	32	0.0086
2	32	0.0035
3	32	0.0098
4	32	0.0133
5	32	0.0051
6	32	0.0023
7	32	0.0079
8	32	0.0008
9	32	0.0090
10	32	0.0054
11	32	0.0073
12	32	0.0076
13	32	0.0054
14	32	0.0017
15	32	0.0036
16	32	0.0011
17	32	0.0020
18	32	0.0048
19	32	0.0164
20	32	0.0025
21	32	0.0058
22	32	0.0126
23	32	0.0065
24	32	0.0071
25	32	0.0023
26	32	0.0005
27	32	0.0020
28	32	0.0057
29	32	0.0038
30	32	0.0262
31	32	0.0098
33	32	0.0074
34	32	0.0179
35	32	0.0110
36	32	0.0002
37	32	0.0041
38	32	0.0239
39	32	0.0095
40	32	0.0056
41	32	0.0015
42	32	0.0010
43	32	0.0020
44	32	0.0015
45	32	0.0126
46	32	0.0057
47	32	0.0008
48	32	0.0009
49	32	0.0065
50	32	0.0030
51	32	0.0032
52	32	0.0192
53	32	0.0013
54	32	0.0029
55	32	0.0033
56	32	0.0007
57	32	0.0090
58	32	0.0276
59	32	0.0010
60	32	0.0030
61	32	0.0054
62	32	0.0028
63	32	0.0010
64	32	0.0104
65	32	0.0018
66	32	0.0048
67	32	0.0111
68	32	0.0073
69	32	0.0057
70	32	0.0164
71	32	0.0009
1	33	0.0623
2	33	0.0404
3	33	0.0360
4	33	0.0180
5	33	0.0408
6	33	0.0536
7	33	0.0498
8	33	0.0260
9	33	0.0256
10	33	0.0247
11	33	0.0509
12	33	0.0808
13	33	0.0323
14	33	0.0116
15	33	0.0318
16	33	0.0295
17	33	0.0479
18	33	0.0338
19	33	0.0447
20	33	0.0236
21	33	0.0289
22	33	0.0715
23	33	0.0479
24	33	0.0174
25	33	0.0296
26	33	0.0284
27	33	0.0156
28	33	0.0745
29	33	0.0556
30	33	0.0691
31	33	0.0199
32	33	0.0074
34	33	0.1840
35	33	0.1293
36	33	0.0119
37	33	0.0271
38	33	0.0521
39	33	0.0543
40	33	0.0758
41	33	0.0182
42	33	0.0238
43	33	0.0253
44	33	0.0214
45	33	0.0414
46	33	0.0255
47	33	0.0297
48	33	0.0289
49	33	0.0150
50	33	0.0197
51	33	0.0223
52	33	0.0206
53	33	0.0476
54	33	0.0363
55	33	0.0376
56	33	0.0176
57	33	0.0189
58	33	0.0237
59	33	0.0150
60	33	0.0190
61	33	0.0203
62	33	0.0306
63	33	0.0462
64	33	0.0510
65	33	0.0567
66	33	0.0397
67	33	0.0263
68	33	0.0398
69	33	0.0349
70	33	0.0890
71	33	0.0772
1	34	0.1742
2	34	0.0412
3	34	0.0725
4	34	0.0329
5	34	0.0297
6	34	0.0127
7	34	0.0263
8	34	0.0064
9	34	0.0334
10	34	0.0225
11	34	0.1008
12	34	0.0471
13	34	0.0357
14	34	0.0272
15	34	0.0373
16	34	0.0200
17	34	0.0347
18	34	0.0150
19	34	0.0770
20	34	0.0445
21	34	0.0347
22	34	0.0437
23	34	0.0983
24	34	0.0193
25	34	0.0225
26	34	0.0295
27	34	0.0237
28	34	0.0463
29	34	0.0309
30	34	0.0701
31	34	0.0418
32	34	0.0179
33	34	0.1840
35	34	0.0580
36	34	0.0473
37	34	0.0648
38	34	0.0606
39	34	0.0361
40	34	0.0440
41	34	0.0296
42	34	0.0315
43	34	0.0270
44	34	0.0341
45	34	0.0555
46	34	0.0265
47	34	0.0102
48	34	0.0214
49	34	0.0637
50	34	0.0322
51	34	0.0311
52	34	0.0120
53	34	0.0245
54	34	0.0137
55	34	0.0242
56	34	0.0107
57	34	0.0155
58	34	0.0312
59	34	0.0380
60	34	0.0317
61	34	0.0506
62	34	0.0338
63	34	0.0144
64	34	0.0265
65	34	0.0142
66	34	0.0393
67	34	0.0514
68	34	0.0833
69	34	0.0405
70	34	0.1567
71	34	0.2396
1	35	0.0619
2	35	0.0166
3	35	0.1147
4	35	0.0658
5	35	0.0443
6	35	0.0449
7	35	0.0329
8	35	0.0189
9	35	0.0877
10	35	0.0540
11	35	0.1131
12	35	0.0546
13	35	0.1533
14	35	0.0126
15	35	0.0062
16	35	0.0084
17	35	0.0183
18	35	0.0162
19	35	0.0502
20	35	0.0399
21	35	0.1165
22	35	0.0536
23	35	0.1116
24	35	0.0354
25	35	0.0322
26	35	0.0572
27	35	0.0551
28	35	0.1265
29	35	0.0470
30	35	0.2226
31	35	0.1244
32	35	0.0110
33	35	0.1293
34	35	0.0580
36	35	0.2215
37	35	0.2002
38	35	0.2400
39	35	0.0473
40	35	0.1295
41	35	0.0650
42	35	0.0593
43	35	0.0466
44	35	0.0705
45	35	0.0208
46	35	0.0060
47	35	0.0747
48	35	0.0545
49	35	0.0743
50	35	0.0224
51	35	0.0237
52	35	0.0202
53	35	0.0262
54	35	0.0290
55	35	0.0254
56	35	0.0086
57	35	0.0300
58	35	0.0287
59	35	0.0243
60	35	0.0198
61	35	0.0890
62	35	0.0489
63	35	0.0954
64	35	0.0323
65	35	0.0390
66	35	0.0444
67	35	0.0535
68	35	0.1108
69	35	0.0208
70	35	0.0776
71	35	0.0931
1	36	0.0178
2	36	0.0213
3	36	0.0185
4	36	0.0194
5	36	0.0165
6	36	0.0074
7	36	0.0223
8	36	0.0206
9	36	0.0128
10	36	0.0074
11	36	0.0112
12	36	0.0401
13	36	0.0129
14	36	0.0225
15	36	0.0075
16	36	0.0090
17	36	0.0077
18	36	0.0186
19	36	0.0062
20	36	0.0217
21	36	0.0171
22	36	0.0440
23	36	0.0072
24	36	0.0133
25	36	0.0137
26	36	0.0108
27	36	0.0073
28	36	0.0210
29	36	0.0115
30	36	0.0091
31	36	0.0211
32	36	0.0002
33	36	0.0119
34	36	0.0473
35	36	0.2215
37	36	0.0419
38	36	0.0109
39	36	0.0135
40	36	0.0199
41	36	0.0094
42	36	0.0071
43	36	0.0062
44	36	0.0131
45	36	0.0107
46	36	0.0068
47	36	0.0150
48	36	0.0143
49	36	0.0186
50	36	0.0101
51	36	0.0086
52	36	0.0259
53	36	0.0117
54	36	0.0085
55	36	0.0129
56	36	0.0060
57	36	0.0059
58	36	0.0214
59	36	0.0083
60	36	0.0107
61	36	0.0133
62	36	0.0139
63	36	0.0160
64	36	0.0211
65	36	0.0122
66	36	0.0141
67	36	0.0183
68	36	0.0287
69	36	0.0189
70	36	0.0257
71	36	0.0332
1	37	0.0276
2	37	0.0222
3	37	0.0450
4	37	0.0245
5	37	0.0101
6	37	0.0253
7	37	0.0189
8	37	0.0088
9	37	0.0151
10	37	0.0384
11	37	0.0422
12	37	0.0328
13	37	0.0378
14	37	0.0052
15	37	0.0130
16	37	0.0219
17	37	0.0251
18	37	0.0212
19	37	0.0392
20	37	0.0193
21	37	0.0283
22	37	0.0307
23	37	0.0446
24	37	0.0346
25	37	0.0177
26	37	0.0120
27	37	0.0206
28	37	0.0288
29	37	0.0177
30	37	0.0238
31	37	0.1881
32	37	0.0041
33	37	0.0271
34	37	0.0648
35	37	0.2002
36	37	0.0419
38	37	0.0372
39	37	0.0221
40	37	0.0291
41	37	0.0293
42	37	0.0183
43	37	0.0192
44	37	0.0258
45	37	0.0419
46	37	0.0273
47	37	0.0489
48	37	0.0144
49	37	0.0274
50	37	0.0147
51	37	0.0152
52	37	0.0160
53	37	0.0122
54	37	0.0159
55	37	0.0140
56	37	0.0115
57	37	0.0199
58	37	0.0075
59	37	0.0199
60	37	0.0201
61	37	0.0235
62	37	0.0195
63	37	0.0427
64	37	0.0190
65	37	0.0326
66	37	0.0100
67	37	0.0295
68	37	0.0407
69	37	0.0253
70	37	0.0318
71	37	0.0219
1	38	0.1112
2	38	0.0338
3	38	0.0421
4	38	0.0268
5	38	0.0270
6	38	0.0190
7	38	0.0382
8	38	0.0085
9	38	0.0481
10	38	0.0382
11	38	0.0537
12	38	0.0268
13	38	0.0649
14	38	0.0167
15	38	0.0258
16	38	0.0108
17	38	0.0242
18	38	0.0168
19	38	0.0363
20	38	0.0259
21	38	0.0771
22	38	0.0306
23	38	0.0474
24	38	0.0341
25	38	0.0039
26	38	0.0420
27	38	0.0171
28	38	0.0836
29	38	0.0601
30	38	1.5046
31	38	0.0208
32	38	0.0239
33	38	0.0521
34	38	0.0606
35	38	0.2400
36	38	0.0109
37	38	0.0372
39	38	0.0554
40	38	0.0865
41	38	0.0192
42	38	0.0517
43	38	0.0421
44	38	0.0426
45	38	0.0217
46	38	0.0273
47	38	0.0238
48	38	0.0295
49	38	0.0460
50	38	0.0375
51	38	0.0243
52	38	0.0273
53	38	0.0249
54	38	0.0093
55	38	0.0165
56	38	0.0106
57	38	0.0146
58	38	0.0287
59	38	0.0232
60	38	0.0352
61	38	0.0481
62	38	0.0260
63	38	0.0251
64	38	0.0410
65	38	0.0181
66	38	0.0380
67	38	0.0214
68	38	0.0423
69	38	0.0356
70	38	0.0951
71	38	0.0256
1	39	0.0493
2	39	0.0344
3	39	0.0144
4	39	0.0300
5	39	0.0239
6	39	0.0308
7	39	0.0242
8	39	0.0221
9	39	0.0248
10	39	0.0081
11	39	0.0368
12	39	0.0287
13	39	0.0266
14	39	0.0245
15	39	0.0665
16	39	0.0192
17	39	0.0204
18	39	0.0060
19	39	0.0249
20	39	0.0058
21	39	0.0126
22	39	0.0282
23	39	0.0418
24	39	0.0136
25	39	0.0093
26	39	0.0273
27	39	0.0153
28	39	0.0247
29	39	1.0763
30	39	0.0456
31	39	0.0352
32	39	0.0095
33	39	0.0543
34	39	0.0361
35	39	0.0473
36	39	0.0135
37	39	0.0221
38	39	0.0554
40	39	0.0266
41	39	0.0119
42	39	0.0395
43	39	0.0138
44	39	0.0045
45	39	0.0300
46	39	0.0399
47	39	0.0113
48	39	0.0248
49	39	0.0226
50	39	0.0584
51	39	0.0311
52	39	0.0158
53	39	0.0124
54	39	0.0234
55	39	0.0155
56	39	0.0053
57	39	0.0184
58	39	0.0268
59	39	0.0287
60	39	0.0591
61	39	0.0238
62	39	0.0293
63	39	0.0110
64	39	0.0239
65	39	0.0246
66	39	0.0235
67	39	0.0207
68	39	0.0102
69	39	0.0376
70	39	0.0585
71	39	0.0207
1	40	0.0197
2	40	0.0408
3	40	0.0329
4	40	0.0352
5	40	0.0489
6	40	0.0492
7	40	0.0266
8	40	0.0145
9	40	0.0239
10	40	0.0091
11	40	0.0409
12	40	0.0335
13	40	0.0726
14	40	0.0257
15	40	0.0469
16	40	0.0175
17	40	0.0477
18	40	0.0406
19	40	0.0346
20	40	0.0154
21	40	0.0546
22	40	0.0348
23	40	0.0389
24	40	0.0076
25	40	0.0185
26	40	0.0286
27	40	0.0291
28	40	1.7547
29	40	0.0300
30	40	0.0962
31	40	0.0214
32	40	0.0056
33	40	0.0758
34	40	0.0440
35	40	0.1295
36	40	0.0199
37	40	0.0291
38	40	0.0865
39	40	0.0266
41	40	0.0249
42	40	0.0233
43	40	0.0209
44	40	0.0670
45	40	0.0407
46	40	0.0369
47	40	0.0506
48	40	0.0319
49	40	0.0155
50	40	0.0191
51	40	0.0162
52	40	0.0298
53	40	0.0160
54	40	0.0456
55	40	0.0172
56	40	0.0157
57	40	0.0256
58	40	0.0267
59	40	0.0166
60	40	0.0211
61	40	0.0162
62	40	0.0279
63	40	0.0493
64	40	0.0250
65	40	0.0555
66	40	0.0561
67	40	0.0354
68	40	0.0299
69	40	0.0494
70	40	0.0227
71	40	0.0419
1	41	0.0277
2	41	0.0243
3	41	0.0324
4	41	0.0379
5	41	0.0212
6	41	0.0257
7	41	0.0175
8	41	0.0249
9	41	0.0262
10	41	0.0239
11	41	0.0121
12	41	0.0200
13	41	0.0061
14	41	0.0129
15	41	0.0278
16	41	0.0284
17	41	0.0188
18	41	0.0170
19	41	0.0381
20	41	0.0244
21	41	0.0082
22	41	0.0147
23	41	0.0165
24	41	0.0192
25	41	0.0148
26	41	0.0258
27	41	1.4872
28	41	0.0220
29	41	0.0153
30	41	0.0243
31	41	0.0233
32	41	0.0015
33	41	0.0182
34	41	0.0296
35	41	0.0650
36	41	0.0094
37	41	0.0293
38	41	0.0192
39	41	0.0119
40	41	0.0249
42	41	0.0386
43	41	0.0059
44	41	0.0211
45	41	0.0052
46	41	0.0301
47	41	0.0222
48	41	0.0076
49	41	0.0172
50	41	0.0391
51	41	0.0080
52	41	0.0230
53	41	0.0074
54	41	0.0209
55	41	0.0227
56	41	0.0165
57	41	0.0075
58	41	0.0313
59	41	0.0068
60	41	0.0359
61	41	0.0187
62	41	0.0052
63	41	0.0190
64	41	0.0128
65	41	0.0255
66	41	0.0142
67	41	0.0484
68	41	0.0344
69	41	0.0247
70	41	0.0284
71	41	0.0131
1	42	0.0350
2	42	0.0419
3	42	0.0473
4	42	0.0411
5	42	0.0220
6	42	0.0104
7	42	0.0239
8	42	0.0154
9	42	0.0238
10	42	0.0120
11	42	0.0260
12	42	0.0186
13	42	0.0438
14	42	0.0103
15	42	0.0538
16	42	0.0266
17	42	0.0494
18	42	0.0430
19	42	0.0182
20	42	0.0169
21	42	0.0563
22	42	0.0168
23	42	0.0224
24	42	0.0065
25	42	0.0383
26	42	1.0269
27	42	0.0353
28	42	0.0220
29	42	0.0517
30	42	0.0465
31	42	0.0076
32	42	0.0010
33	42	0.0238
34	42	0.0315
35	42	0.0593
36	42	0.0071
37	42	0.0183
38	42	0.0517
39	42	0.0395
40	42	0.0233
41	42	0.0386
43	42	0.0561
44	42	0.0296
45	42	0.0493
46	42	0.0522
47	42	0.0196
48	42	0.0232
49	42	0.0362
50	42	0.0298
51	42	0.0222
52	42	0.0313
53	42	0.0241
54	42	0.0584
55	42	0.0388
56	42	0.0220
57	42	0.0251
58	42	0.0170
